# FaceLiVT ONNX Embedding Output
# Model: facelivtv2_s.onnx
# Input shape: [1, 3, 112, 112]
# Output shape: (1, 1284)
# Dimension: 1284
# L2 norm (raw): 10.853476
# Image: 0001.jpg

# === RAW EMBEDDING (1284 values) ===
[   0] +0.30022869
[   1] +0.37531170
[   2] +0.31997153
[   3] -0.15378135
[   4] -0.16514041
[   5] -0.15337253
[   6] +0.15805298
[   7] +0.01567342
[   8] -0.12742594
[   9] -0.25737873
[  10] +0.23334843
[  11] +0.30325484
[  12] -0.32575786
[  13] +0.07393410
[  14] +0.49379009
[  15] +0.05278140
[  16] +0.50136447
[  17] +0.01160457
[  18] +0.25632736
[  19] -0.35543555
[  20] +0.49880686
[  21] +0.03952818
[  22] +0.04029788
[  23] -0.00729512
[  24] +0.43637961
[  25] +0.43518758
[  26] +0.09365472
[  27] -0.13946559
[  28] +0.09185157
[  29] +0.18717024
[  30] +0.22283715
[  31] +0.08511073
[  32] +0.29725471
[  33] -0.08257668
[  34] -0.18690638
[  35] +0.26944432
[  36] +0.08551158
[  37] -0.58240533
[  38] +0.30511272
[  39] +0.29610485
[  40] -0.18961221
[  41] +0.41417122
[  42] -0.13214129
[  43] -0.03388724
[  44] +0.12518704
[  45] +0.11165956
[  46] +0.32583481
[  47] +0.32125831
[  48] -0.70475096
[  49] -0.12607370
[  50] -0.27079153
[  51] +0.16425601
[  52] +0.15594515
[  53] -0.00000000
[  54] -0.04044887
[  55] +0.11056291
[  56] +0.01507680
[  57] -0.43754902
[  58] +0.10732698
[  59] +0.18041021
[  60] -0.06557791
[  61] -0.05912541
[  62] +0.34809285
[  63] -0.71750593
[  64] -0.02966526
[  65] +0.01539344
[  66] +0.81205392
[  67] +0.26127413
[  68] -0.31797266
[  69] +0.09716894
[  70] -0.26516393
[  71] +0.35929686
[  72] +0.38105756
[  73] -0.27141976
[  74] -0.40179634
[  75] -0.31947690
[  76] -0.02123755
[  77] +0.33641589
[  78] +0.14714086
[  79] +0.34344813
[  80] +0.07019198
[  81] -0.04743886
[  82] -0.18140683
[  83] -0.16249298
[  84] +0.22086926
[  85] +0.04257093
[  86] +0.35350886
[  87] +0.31688076
[  88] +0.07893860
[  89] +0.05659224
[  90] -0.22441804
[  91] -0.16476578
[  92] -0.08720443
[  93] +0.29107958
[  94] -0.65002209
[  95] -0.50051737
[  96] -0.23366040
[  97] +0.00219682
[  98] -0.22858354
[  99] -0.32999519
[ 100] +0.20302941
[ 101] -0.42414701
[ 102] +0.27094570
[ 103] -0.18471776
[ 104] +0.22107825
[ 105] -0.25413316
[ 106] -0.33703303
[ 107] -0.10933457
[ 108] -0.12483151
[ 109] +0.08195582
[ 110] -0.04795336
[ 111] -0.29122800
[ 112] +0.21829730
[ 113] -0.19430475
[ 114] +0.39298096
[ 115] -0.11171527
[ 116] -0.19377503
[ 117] -0.11801958
[ 118] +0.39318672
[ 119] -0.01243400
[ 120] -0.18995491
[ 121] +0.31188366
[ 122] -0.26997328
[ 123] -0.08996463
[ 124] -0.22418588
[ 125] +0.34995326
[ 126] +0.03682943
[ 127] -0.42647839
[ 128] -0.01440364
[ 129] +0.13823122
[ 130] +0.07205186
[ 131] -0.10479207
[ 132] -0.00669096
[ 133] -0.54394794
[ 134] +0.49473774
[ 135] -0.45060709
[ 136] -0.31756836
[ 137] +0.30218196
[ 138] -0.34529603
[ 139] +0.52023309
[ 140] +0.24525031
[ 141] +0.30559665
[ 142] +0.32529458
[ 143] +0.17192653
[ 144] +0.16830674
[ 145] -0.20350179
[ 146] -0.36242956
[ 147] -0.47486314
[ 148] -0.13837698
[ 149] -0.18303782
[ 150] -0.08940542
[ 151] +0.08840029
[ 152] +0.02252226
[ 153] +0.22633301
[ 154] +0.19840327
[ 155] +0.32806617
[ 156] -0.32306585
[ 157] -0.11960331
[ 158] -0.63878089
[ 159] +0.17618799
[ 160] +0.01071444
[ 161] -0.09133822
[ 162] -0.05327561
[ 163] -0.13537179
[ 164] +0.43325540
[ 165] -0.01096771
[ 166] +0.21688876
[ 167] +0.52191031
[ 168] +0.08390839
[ 169] -0.29798037
[ 170] +0.16643777
[ 171] -0.40831584
[ 172] -0.56855315
[ 173] -0.58233804
[ 174] -0.07718381
[ 175] +0.24482238
[ 176] +0.02773343
[ 177] +0.10292304
[ 178] -0.08761293
[ 179] -0.02638773
[ 180] -0.12211634
[ 181] +0.13944024
[ 182] +0.04508198
[ 183] -0.07256033
[ 184] +0.58408922
[ 185] -0.13720489
[ 186] -0.18200332
[ 187] -0.04904725
[ 188] -0.65277576
[ 189] +0.46353787
[ 190] -0.00441863
[ 191] -0.28883463
[ 192] -0.38127720
[ 193] -0.37028369
[ 194] +0.08976067
[ 195] +0.13828795
[ 196] -0.08858164
[ 197] -0.58348382
[ 198] +0.15176439
[ 199] +0.35707420
[ 200] -0.06254964
[ 201] +0.15763056
[ 202] -0.52405226
[ 203] -0.13892432
[ 204] -0.14806476
[ 205] +1.05032969
[ 206] -0.02234034
[ 207] +0.06099105
[ 208] -0.24382839
[ 209] -0.07492171
[ 210] -0.03194676
[ 211] -0.40703154
[ 212] +0.58793390
[ 213] +0.01679906
[ 214] +0.41994619
[ 215] -0.09143539
[ 216] +0.16599375
[ 217] -0.02956605
[ 218] -0.00000001
[ 219] +0.37282103
[ 220] -0.00877774
[ 221] +0.43167853
[ 222] +0.06442942
[ 223] +0.05064136
[ 224] +0.02709123
[ 225] +0.04633530
[ 226] -0.25169027
[ 227] -0.30300698
[ 228] +0.26029578
[ 229] +0.27178973
[ 230] +0.10847838
[ 231] +0.17885084
[ 232] -0.05842139
[ 233] +0.19921900
[ 234] -0.41870272
[ 235] +0.51589662
[ 236] +0.05103438
[ 237] -0.56384277
[ 238] +0.98430097
[ 239] -0.29546109
[ 240] -0.83007324
[ 241] +0.28382021
[ 242] -0.37289670
[ 243] -0.50331384
[ 244] +0.07945906
[ 245] +0.23687756
[ 246] -0.03912756
[ 247] -0.03034161
[ 248] +0.28100088
[ 249] -0.02069362
[ 250] +0.02281732
[ 251] +0.25919700
[ 252] -0.37970608
[ 253] +0.03599090
[ 254] +0.00718190
[ 255] -0.10510650
[ 256] -0.12447125
[ 257] +0.02050554
[ 258] -0.02832760
[ 259] -0.09778056
[ 260] +0.23265699
[ 261] -0.15205401
[ 262] -0.09528769
[ 263] -0.19419739
[ 264] -0.27724910
[ 265] +0.34318775
[ 266] -0.08720428
[ 267] -0.02172545
[ 268] +0.41461563
[ 269] -0.27669963
[ 270] +0.27099311
[ 271] +0.14954858
[ 272] -0.31224585
[ 273] -0.14099330
[ 274] +0.28538665
[ 275] +0.09393865
[ 276] +0.23674060
[ 277] +0.18559900
[ 278] -0.59165293
[ 279] -0.09042665
[ 280] -0.01207002
[ 281] -0.19562231
[ 282] -0.10239198
[ 283] -0.06911413
[ 284] +0.27787626
[ 285] +0.22288227
[ 286] +0.00899115
[ 287] -0.30662599
[ 288] -0.22633469
[ 289] +0.26457965
[ 290] +0.30824348
[ 291] +0.08312726
[ 292] +0.28709680
[ 293] +0.08151446
[ 294] -0.10320844
[ 295] +0.33131051
[ 296] -0.11170062
[ 297] +0.11435880
[ 298] +0.06971350
[ 299] +0.12923199
[ 300] +0.23781098
[ 301] -0.28218803
[ 302] +1.05592465
[ 303] -0.13270459
[ 304] -0.05376184
[ 305] -0.05645214
[ 306] -0.23667917
[ 307] -0.44637507
[ 308] +0.07798243
[ 309] -0.20856646
[ 310] -0.06024960
[ 311] -0.04727456
[ 312] -0.18039787
[ 313] +0.27204317
[ 314] -0.03131773
[ 315] -0.12935442
[ 316] +0.01842001
[ 317] +0.24725428
[ 318] +0.15183043
[ 319] -0.15450989
[ 320] -0.12985630
[ 321] +0.33612472
[ 322] -0.08036090
[ 323] -0.05660863
[ 324] +0.24197672
[ 325] +0.01431441
[ 326] -0.31404370
[ 327] -0.39740887
[ 328] +0.25106943
[ 329] -0.29229587
[ 330] +0.00898436
[ 331] +0.29081997
[ 332] +0.67402130
[ 333] -0.04355247
[ 334] +0.04337110
[ 335] -0.27581543
[ 336] +0.07068700
[ 337] +0.36187041
[ 338] +0.06655544
[ 339] -0.03701746
[ 340] +0.03973769
[ 341] -0.21358220
[ 342] -0.53876853
[ 343] -0.42788476
[ 344] -0.56743127
[ 345] -0.02882618
[ 346] -0.17943469
[ 347] -0.03684866
[ 348] +0.01385189
[ 349] -0.00578012
[ 350] -0.37379217
[ 351] -0.43871322
[ 352] +0.15860683
[ 353] +0.12601806
[ 354] -0.15273391
[ 355] +0.34286368
[ 356] -0.07661852
[ 357] +0.29656538
[ 358] +0.13288181
[ 359] -0.20440033
[ 360] +0.42413756
[ 361] +0.13122955
[ 362] +0.04802299
[ 363] +0.03673622
[ 364] -0.76848555
[ 365] +0.26976764
[ 366] -0.05198863
[ 367] +0.23922595
[ 368] -0.11126547
[ 369] -0.25319541
[ 370] -0.10329066
[ 371] +0.12014794
[ 372] +0.31138116
[ 373] -0.80053622
[ 374] -0.47841975
[ 375] -0.10919087
[ 376] -0.12688744
[ 377] -0.40323940
[ 378] +0.00683272
[ 379] -0.04204983
[ 380] +0.26267093
[ 381] +0.53757650
[ 382] +0.12721126
[ 383] -0.28188056
[ 384] +0.14736514
[ 385] +0.38459918
[ 386] +0.60711646
[ 387] -0.15263936
[ 388] +0.23525430
[ 389] +0.17965734
[ 390] -0.31035283
[ 391] -0.18773557
[ 392] -0.24656132
[ 393] -0.21617027
[ 394] +0.12568679
[ 395] -0.31527898
[ 396] +0.20713225
[ 397] -0.09570813
[ 398] -0.27732754
[ 399] -0.57763511
[ 400] -0.06968319
[ 401] +0.35716048
[ 402] -0.36423400
[ 403] -0.16461258
[ 404] -0.21800117
[ 405] -0.09092901
[ 406] -0.33126533
[ 407] +0.00857303
[ 408] +0.01046573
[ 409] +0.08260705
[ 410] +0.31467432
[ 411] -0.00970522
[ 412] -0.45883110
[ 413] -0.24908412
[ 414] -0.25099123
[ 415] +0.07372308
[ 416] -0.17228058
[ 417] +0.06717345
[ 418] -0.02390675
[ 419] -0.60882449
[ 420] +0.13705681
[ 421] +0.43573797
[ 422] -0.59087384
[ 423] +0.32205507
[ 424] +0.19571543
[ 425] +0.03508528
[ 426] -0.39100158
[ 427] +0.85913467
[ 428] -0.43770367
[ 429] +0.25977653
[ 430] -0.19725369
[ 431] -0.17356226
[ 432] -0.57948178
[ 433] +0.41828281
[ 434] -0.20890620
[ 435] +0.14526740
[ 436] +0.60815442
[ 437] +0.05543356
[ 438] +0.06036727
[ 439] -0.21832575
[ 440] +0.13881078
[ 441] +0.51895499
[ 442] -1.19745004
[ 443] -0.39667818
[ 444] +0.03340175
[ 445] +0.84019625
[ 446] -0.06543989
[ 447] +0.33266500
[ 448] +0.27059010
[ 449] +0.15965512
[ 450] +0.13541394
[ 451] -0.76259208
[ 452] +0.23499018
[ 453] +0.15199460
[ 454] -0.02970993
[ 455] -0.07444508
[ 456] -0.05895507
[ 457] +0.19813552
[ 458] +0.21911529
[ 459] +0.39639297
[ 460] +0.22178246
[ 461] -0.29420888
[ 462] +0.05263811
[ 463] -0.42933547
[ 464] -0.42648911
[ 465] -0.04347009
[ 466] -0.03105487
[ 467] +0.03184562
[ 468] +0.25085986
[ 469] +0.02878127
[ 470] +0.00252378
[ 471] +0.09431514
[ 472] +0.11123691
[ 473] +0.47135153
[ 474] +0.02314644
[ 475] -0.02447528
[ 476] +0.42841959
[ 477] +0.24155678
[ 478] -0.41766021
[ 479] +0.02399492
[ 480] -0.31013814
[ 481] -0.22867700
[ 482] -0.35061496
[ 483] +0.21004876
[ 484] +0.34565797
[ 485] +0.06221609
[ 486] +0.12471219
[ 487] +0.39976537
[ 488] -0.04485023
[ 489] +0.27782989
[ 490] +0.27832705
[ 491] -0.54441905
[ 492] -0.04412702
[ 493] +0.11765498
[ 494] +0.35892212
[ 495] -0.32113391
[ 496] -0.11729883
[ 497] +0.10979232
[ 498] -0.39927348
[ 499] -0.15916039
[ 500] -0.11777572
[ 501] +0.16813520
[ 502] +0.15502636
[ 503] +0.36243701
[ 504] -0.10187098
[ 505] -0.14995903
[ 506] -0.08764133
[ 507] +0.15304768
[ 508] -0.56798714
[ 509] -0.37887919
[ 510] -0.20304403
[ 511] +0.69412553
[ 512] +0.19934736
[ 513] -0.18309246
[ 514] -0.14706732
[ 515] +0.06287116
[ 516] +0.35631961
[ 517] -0.26216418
[ 518] -0.24097699
[ 519] -0.42344517
[ 520] -0.05239052
[ 521] +0.33934724
[ 522] +0.22202854
[ 523] -0.11992508
[ 524] -0.21480669
[ 525] +0.43525010
[ 526] -0.04040614
[ 527] +0.11534492
[ 528] +0.27211303
[ 529] +0.35506904
[ 530] +0.19676863
[ 531] +0.49401376
[ 532] +0.07404692
[ 533] +0.04099821
[ 534] -0.12858874
[ 535] +0.31415576
[ 536] +0.02661193
[ 537] +0.58846390
[ 538] -0.55606914
[ 539] -0.06780821
[ 540] -0.07539804
[ 541] -0.21123642
[ 542] +0.13416828
[ 543] +0.18099439
[ 544] +0.00517167
[ 545] +0.03522587
[ 546] -0.00552685
[ 547] +0.37449872
[ 548] -0.22188812
[ 549] +0.24726480
[ 550] +0.24763595
[ 551] -0.35060802
[ 552] +0.17354742
[ 553] +0.02277678
[ 554] +0.11937051
[ 555] +0.01438911
[ 556] -0.40947050
[ 557] +0.11054924
[ 558] -0.61627346
[ 559] -0.06968976
[ 560] +0.12326973
[ 561] +0.13839278
[ 562] -0.02607438
[ 563] -0.14714149
[ 564] -0.19282712
[ 565] +0.24935995
[ 566] -0.07305467
[ 567] +0.06601071
[ 568] -0.19882247
[ 569] +0.37395453
[ 570] -0.04783390
[ 571] +0.28228500
[ 572] -0.48421565
[ 573] +0.01247025
[ 574] -0.61999327
[ 575] +0.48697001
[ 576] -0.22024436
[ 577] +0.18663391
[ 578] -0.17307323
[ 579] -0.01088180
[ 580] -0.61950845
[ 581] +0.03749727
[ 582] +0.27237657
[ 583] +1.25920820
[ 584] +0.53036898
[ 585] +0.23205189
[ 586] +0.32027206
[ 587] -0.06011949
[ 588] +0.42619199
[ 589] +0.07584336
[ 590] -0.35686064
[ 591] +0.48206794
[ 592] -0.20498528
[ 593] -0.26885980
[ 594] -0.03585405
[ 595] +0.10465882
[ 596] +0.34093207
[ 597] -0.19320017
[ 598] -0.90221727
[ 599] -0.00168971
[ 600] +0.01549095
[ 601] +0.32293206
[ 602] -0.21921805
[ 603] +0.10668568
[ 604] +0.00390218
[ 605] -0.15242064
[ 606] -0.32376611
[ 607] +0.01720356
[ 608] -0.49815738
[ 609] +0.76526630
[ 610] -0.08803342
[ 611] +0.46232411
[ 612] +0.33562726
[ 613] -0.05934795
[ 614] -0.14486355
[ 615] +0.12825108
[ 616] -0.08234455
[ 617] +0.12636851
[ 618] +0.15463167
[ 619] +0.34488767
[ 620] +0.04771733
[ 621] +0.01194135
[ 622] +0.35622281
[ 623] -0.16438384
[ 624] +0.03993320
[ 625] +0.38960099
[ 626] +0.01627214
[ 627] -0.26131552
[ 628] +0.21921143
[ 629] +0.05703163
[ 630] +0.22933091
[ 631] +0.06822997
[ 632] +0.05059535
[ 633] +0.35730237
[ 634] +0.06196649
[ 635] +0.12898460
[ 636] -0.04286962
[ 637] +0.19378127
[ 638] -0.14390659
[ 639] +0.56639528
[ 640] -0.46920627
[ 641] +0.51435405
[ 642] -0.53888452
[ 643] -0.35259169
[ 644] +0.49156705
[ 645] -0.16894381
[ 646] -0.52121484
[ 647] -0.05945047
[ 648] +0.17142011
[ 649] +0.20212552
[ 650] +0.55290121
[ 651] -0.05648469
[ 652] +0.08307057
[ 653] -0.41054410
[ 654] -0.06195337
[ 655] +0.01988354
[ 656] -0.48555464
[ 657] +0.69280016
[ 658] +0.26716012
[ 659] +0.58594012
[ 660] +0.15373024
[ 661] +0.07957093
[ 662] +0.27461091
[ 663] -0.15752655
[ 664] -0.00576405
[ 665] +0.23426756
[ 666] +0.10129113
[ 667] +0.15457845
[ 668] -0.07722635
[ 669] -0.64355761
[ 670] -0.33571324
[ 671] -0.06790785
[ 672] +0.05156769
[ 673] +0.12511379
[ 674] +0.20012738
[ 675] +0.38580608
[ 676] +0.42034006
[ 677] -0.07534653
[ 678] +0.09815468
[ 679] +0.01495913
[ 680] -0.14463796
[ 681] -0.25386959
[ 682] +0.11594320
[ 683] +0.20163679
[ 684] +0.19391003
[ 685] -0.00977101
[ 686] -0.03663388
[ 687] +0.03156814
[ 688] +0.25083598
[ 689] +0.20994465
[ 690] -0.18731485
[ 691] -0.24676165
[ 692] +0.02514629
[ 693] -0.15824965
[ 694] -0.16880199
[ 695] +0.20099767
[ 696] -0.18398863
[ 697] +0.15863213
[ 698] +1.54515982
[ 699] +0.03148093
[ 700] -0.25889590
[ 701] +0.09141394
[ 702] -0.32949230
[ 703] +0.27228928
[ 704] -0.47663870
[ 705] +0.41778827
[ 706] +0.00615115
[ 707] +0.27194864
[ 708] +0.49097729
[ 709] -0.25783393
[ 710] -0.50931317
[ 711] -0.64674324
[ 712] -0.56364763
[ 713] +0.35309654
[ 714] -0.49864694
[ 715] +0.38654113
[ 716] +0.11661054
[ 717] -0.34766078
[ 718] +0.55885005
[ 719] -0.24498367
[ 720] +0.75294334
[ 721] +0.11294132
[ 722] -0.23524645
[ 723] +0.09576817
[ 724] +0.10106836
[ 725] -0.05831897
[ 726] +0.00940615
[ 727] -0.26761568
[ 728] -0.26644903
[ 729] -0.00474650
[ 730] +0.23780853
[ 731] -0.15139045
[ 732] -0.15675043
[ 733] -0.18897516
[ 734] -0.05954506
[ 735] -0.14265844
[ 736] -0.26453263
[ 737] +0.08703728
[ 738] +0.09528880
[ 739] +0.01117030
[ 740] +0.04426897
[ 741] +0.27644381
[ 742] -0.55152130
[ 743] -0.37324762
[ 744] +0.02862834
[ 745] -0.25590044
[ 746] -0.11234009
[ 747] +0.11989179
[ 748] -0.16901737
[ 749] +0.30003491
[ 750] -0.17602307
[ 751] -0.20370746
[ 752] +0.26318899
[ 753] -0.30911624
[ 754] -0.56125087
[ 755] +0.30622584
[ 756] -0.12247607
[ 757] +0.32696810
[ 758] -0.33080944
[ 759] +0.22245932
[ 760] +0.38948193
[ 761] +0.26696044
[ 762] +0.28687453
[ 763] -0.02456059
[ 764] +0.06885490
[ 765] +0.28189397
[ 766] -0.11248733
[ 767] -0.16134766
[ 768] -0.12468664
[ 769] -0.32539204
[ 770] +0.22873898
[ 771] -0.21527520
[ 772] +0.09792648
[ 773] +0.25713694
[ 774] -0.38224158
[ 775] -0.27623522
[ 776] +0.56697214
[ 777] -0.04477125
[ 778] +0.27276787
[ 779] -0.20224881
[ 780] -0.37316906
[ 781] +0.13894841
[ 782] +0.11393215
[ 783] -0.03909018
[ 784] -0.31310436
[ 785] -0.20782542
[ 786] +0.24995716
[ 787] +0.22281045
[ 788] -0.37281746
[ 789] -0.18458994
[ 790] -0.06471919
[ 791] -0.37567458
[ 792] +0.11970946
[ 793] -0.14342891
[ 794] +0.18214862
[ 795] -0.18337464
[ 796] +0.43347695
[ 797] -0.09334503
[ 798] +0.17573617
[ 799] +0.20270705
[ 800] -0.27319488
[ 801] -0.49308482
[ 802] -0.13369176
[ 803] -0.12086183
[ 804] +0.00763403
[ 805] +0.16696033
[ 806] +0.07728072
[ 807] +0.00221872
[ 808] +0.22640954
[ 809] +0.04730983
[ 810] -0.17396000
[ 811] -0.35476178
[ 812] -0.31870130
[ 813] -0.12562889
[ 814] -0.46000618
[ 815] -0.62637275
[ 816] +0.12940793
[ 817] -0.05539553
[ 818] +0.33159676
[ 819] +0.31020945
[ 820] +0.02884971
[ 821] -0.03775615
[ 822] +0.27781719
[ 823] +0.14468823
[ 824] +0.11862532
[ 825] -0.22461094
[ 826] -0.00107489
[ 827] -0.08941872
[ 828] -0.12088774
[ 829] +0.36596498
[ 830] -0.48580483
[ 831] +0.07588479
[ 832] -0.47588751
[ 833] -0.37914917
[ 834] -0.27909279
[ 835] -0.38094592
[ 836] -0.15098456
[ 837] -0.39504755
[ 838] -0.48918816
[ 839] +0.17993097
[ 840] -0.00346920
[ 841] +0.56634039
[ 842] +0.32434449
[ 843] +0.25458533
[ 844] -0.44173443
[ 845] -0.28711614
[ 846] +0.04896370
[ 847] -0.53199357
[ 848] +0.35508350
[ 849] +0.25076523
[ 850] +0.02673496
[ 851] +0.03310634
[ 852] -0.09605578
[ 853] +0.07926757
[ 854] -0.34800482
[ 855] -0.43771124
[ 856] +0.14821996
[ 857] -0.19450237
[ 858] +0.04760588
[ 859] +0.18078466
[ 860] +0.06679046
[ 861] +0.01149388
[ 862] -0.25496912
[ 863] -0.11529084
[ 864] +0.41849273
[ 865] +0.57090753
[ 866] +0.18171988
[ 867] -0.31461108
[ 868] +0.41159099
[ 869] +0.11284839
[ 870] -0.17972550
[ 871] +0.45851028
[ 872] -0.09151942
[ 873] +0.38175413
[ 874] +0.01769277
[ 875] +0.08291811
[ 876] -0.53214818
[ 877] +0.22535086
[ 878] -0.25043988
[ 879] +0.65266788
[ 880] +0.07959192
[ 881] -0.26531589
[ 882] +0.32986906
[ 883] -0.29922682
[ 884] -0.23865646
[ 885] +0.28668526
[ 886] -0.35096803
[ 887] +0.01259442
[ 888] +0.01248105
[ 889] +0.10528350
[ 890] -0.01196404
[ 891] +0.01532008
[ 892] +0.26339009
[ 893] +0.37135297
[ 894] +0.03956922
[ 895] -0.20022662
[ 896] -0.00000001
[ 897] -0.10883401
[ 898] -0.03599361
[ 899] -0.22255474
[ 900] -0.21410552
[ 901] +0.36535728
[ 902] +0.03853259
[ 903] -0.05053372
[ 904] -0.55954576
[ 905] -0.05921791
[ 906] -0.01279493
[ 907] -0.28366393
[ 908] +0.10256657
[ 909] -0.12749344
[ 910] -0.33097047
[ 911] -0.45296174
[ 912] +0.35482162
[ 913] +0.03001108
[ 914] -0.34551963
[ 915] +0.38043505
[ 916] -0.48236012
[ 917] -0.88131803
[ 918] -0.44407219
[ 919] +0.04645358
[ 920] +0.32482877
[ 921] -0.03512985
[ 922] +0.07442123
[ 923] +0.17584558
[ 924] +0.06216037
[ 925] -0.18942949
[ 926] -0.00920924
[ 927] +0.17719124
[ 928] +0.02414802
[ 929] -0.43005741
[ 930] -0.11606549
[ 931] -0.35408473
[ 932] +0.15799414
[ 933] -0.10814904
[ 934] -0.06374420
[ 935] -0.09160080
[ 936] +0.39273360
[ 937] +0.21702670
[ 938] -0.13077697
[ 939] -0.66039646
[ 940] +0.17750902
[ 941] +0.51716924
[ 942] +0.07080408
[ 943] +0.59384519
[ 944] +0.43416762
[ 945] -0.67303789
[ 946] +0.15433173
[ 947] +0.61482441
[ 948] -0.41553664
[ 949] +0.32871416
[ 950] +0.37539867
[ 951] +0.45237565
[ 952] -0.18376049
[ 953] -0.07916157
[ 954] -0.05468746
[ 955] -0.10569263
[ 956] +0.09526310
[ 957] -0.39657483
[ 958] -0.19277084
[ 959] -0.11493841
[ 960] +0.45305359
[ 961] -0.11617646
[ 962] -0.04761336
[ 963] -0.34817466
[ 964] +0.05831414
[ 965] -0.60754615
[ 966] +0.45185047
[ 967] -0.06266904
[ 968] -0.24374679
[ 969] +0.34738457
[ 970] +0.03327709
[ 971] +0.08941643
[ 972] -0.00189780
[ 973] +0.44087884
[ 974] -0.35313350
[ 975] -0.59317279
[ 976] +0.13789348
[ 977] -0.31122476
[ 978] -0.33417019
[ 979] +0.12869954
[ 980] -0.23406971
[ 981] +0.11107868
[ 982] -0.13511822
[ 983] -0.78296810
[ 984] +0.30317774
[ 985] +0.50691813
[ 986] +0.25063318
[ 987] +0.47576523
[ 988] -0.20910844
[ 989] +0.19577660
[ 990] -0.06385250
[ 991] +0.20286082
[ 992] +0.10541946
[ 993] +0.19335875
[ 994] -0.06791755
[ 995] +0.62689841
[ 996] -0.41255423
[ 997] +0.29625326
[ 998] -0.39269862
[ 999] -0.09056245
[1000] -0.38614661
[1001] +0.24807596
[1002] +0.05856512
[1003] +0.46990204
[1004] -0.04278797
[1005] +0.25834668
[1006] +0.09705317
[1007] -0.04132161
[1008] -0.18101475
[1009] -0.00537441
[1010] +0.46686083
[1011] -0.20831366
[1012] +0.25181332
[1013] -0.20424850
[1014] -0.30677855
[1015] +0.09288669
[1016] -0.51784480
[1017] -0.18082228
[1018] +0.07095388
[1019] -0.01892615
[1020] +0.29019278
[1021] -0.24863882
[1022] -0.07933573
[1023] +0.05971291
[1024] -0.17692325
[1025] -0.00563887
[1026] -0.20686454
[1027] +0.06540737
[1028] -0.29960030
[1029] -0.12618375
[1030] -0.06411226
[1031] +0.18280470
[1032] +0.39079574
[1033] +0.12955122
[1034] -0.21312916
[1035] -0.57786143
[1036] +0.32083172
[1037] +0.47189051
[1038] -0.67126793
[1039] -0.09771946
[1040] +0.40096781
[1041] +0.27273893
[1042] -0.23148975
[1043] -0.14589359
[1044] +0.45523334
[1045] +0.00000001
[1046] -0.09335795
[1047] -0.06905176
[1048] +0.25576317
[1049] -0.52483219
[1050] -0.28239858
[1051] +0.15755078
[1052] -0.17494337
[1053] -0.46154600
[1054] +0.07501309
[1055] +0.20947328
[1056] +0.00301216
[1057] +0.13656741
[1058] +0.74536800
[1059] -0.10903540
[1060] -0.17869580
[1061] -0.12429641
[1062] -0.31345433
[1063] -0.49597591
[1064] +0.00967494
[1065] +0.26769537
[1066] -0.28154975
[1067] +0.36536461
[1068] -0.00268532
[1069] +0.39123303
[1070] -0.26610550
[1071] +0.14507052
[1072] -0.20864202
[1073] -0.19534162
[1074] -0.76787859
[1075] +0.40112549
[1076] +0.10810488
[1077] +0.36956587
[1078] -0.27144837
[1079] -0.12148286
[1080] +0.49654511
[1081] +0.02690271
[1082] -0.48535162
[1083] +0.30978879
[1084] -0.12199777
[1085] -0.17704064
[1086] -0.06507133
[1087] -0.01994556
[1088] -0.30321491
[1089] -0.36337003
[1090] -0.14264001
[1091] +0.10432557
[1092] -0.34246603
[1093] -0.33711600
[1094] +0.02451231
[1095] -0.06313719
[1096] +0.07770731
[1097] -0.30205509
[1098] +0.31260744
[1099] +0.14969024
[1100] -0.12503894
[1101] -0.51999152
[1102] -0.12510660
[1103] +0.73021722
[1104] +0.38986722
[1105] -0.31419772
[1106] -0.28775543
[1107] +0.42599341
[1108] -0.00303426
[1109] +0.06239660
[1110] +0.39780471
[1111] -0.10611416
[1112] +0.17265478
[1113] -0.36588594
[1114] +0.59616113
[1115] +0.18688542
[1116] -0.24435964
[1117] -0.10439913
[1118] -0.89301050
[1119] -0.24682240
[1120] +0.20833431
[1121] +0.16509901
[1122] -0.02532696
[1123] -1.07241476
[1124] +0.31941864
[1125] -0.51742744
[1126] +0.40124580
[1127] -0.17709920
[1128] +0.05255198
[1129] +0.45939791
[1130] +0.08541292
[1131] -0.29729158
[1132] +0.01448787
[1133] -0.12959580
[1134] +0.43903500
[1135] -0.16651371
[1136] -0.06900624
[1137] -0.25379953
[1138] +0.57095397
[1139] -0.43476459
[1140] +0.02291640
[1141] +0.34413719
[1142] -0.48140889
[1143] -0.63752985
[1144] -0.09513886
[1145] +0.05691883
[1146] -0.22056817
[1147] -0.13969775
[1148] +0.08534458
[1149] +0.41657746
[1150] -0.83656603
[1151] +0.05813810
[1152] -0.40314645
[1153] +0.08726431
[1154] +0.13122568
[1155] -0.20642634
[1156] +0.30421910
[1157] +0.15924287
[1158] +0.36320990
[1159] +0.00938980
[1160] +0.00703763
[1161] +0.33276403
[1162] -0.43521386
[1163] +0.11123918
[1164] -0.05620068
[1165] +0.25830182
[1166] +0.15944552
[1167] -0.16277367
[1168] -0.15032956
[1169] +0.16144635
[1170] -0.24716380
[1171] -0.23850772
[1172] +0.22028868
[1173] -0.77818096
[1174] -0.09748271
[1175] +0.24849741
[1176] +0.24907456
[1177] -0.01981533
[1178] +0.08203004
[1179] -0.22102761
[1180] -0.95121396
[1181] +0.26444396
[1182] -0.06153108
[1183] -0.11096621
[1184] +0.09650481
[1185] -0.09206810
[1186] +0.18517916
[1187] +0.24088714
[1188] +0.09814918
[1189] -0.52888626
[1190] -0.20705341
[1191] -0.37810007
[1192] -0.24770966
[1193] +0.09073422
[1194] +0.42564756
[1195] +0.07820195
[1196] +0.00556528
[1197] +0.16732416
[1198] -0.08218772
[1199] +0.05572655
[1200] -0.32327765
[1201] -0.02477706
[1202] +0.27596480
[1203] -0.27419451
[1204] -0.39962131
[1205] +0.03097887
[1206] -0.38340139
[1207] +0.25133944
[1208] -0.22961900
[1209] +0.40216494
[1210] -0.21223858
[1211] -0.42484543
[1212] -0.00398850
[1213] -0.00190901
[1214] -0.00986847
[1215] -0.16361341
[1216] -0.14442331
[1217] +0.00581422
[1218] +0.27924922
[1219] -0.14083637
[1220] -0.10790918
[1221] +0.95478833
[1222] +0.39320529
[1223] -0.14968324
[1224] +0.08084404
[1225] -0.15387493
[1226] +0.35356075
[1227] +0.06442809
[1228] +0.57033610
[1229] +0.68590301
[1230] +0.05124657
[1231] +0.29193574
[1232] +0.08373439
[1233] -0.75808489
[1234] -0.11923542
[1235] +0.24277793
[1236] -0.10709333
[1237] +0.37721363
[1238] +0.17288083
[1239] -0.26671609
[1240] +0.21205857
[1241] +0.25441447
[1242] -0.15209693
[1243] +0.08245879
[1244] -0.43723047
[1245] -0.28559980
[1246] +0.24918169
[1247] +0.12370996
[1248] +0.34282407
[1249] +0.08513819
[1250] +0.24478927
[1251] +0.13468674
[1252] +0.19485155
[1253] -0.56065297
[1254] +0.03507164
[1255] -0.53610325
[1256] -0.23919457
[1257] +0.41432780
[1258] +0.23860416
[1259] +0.18005890
[1260] +0.15569359
[1261] -0.02883784
[1262] +0.24396859
[1263] -0.13824494
[1264] -0.35222515
[1265] -0.00493424
[1266] +0.21474978
[1267] +0.18455315
[1268] +0.03942813
[1269] +0.07483801
[1270] -0.23649657
[1271] +0.34531212
[1272] -0.23227337
[1273] +0.46468344
[1274] +0.03949215
[1275] -0.02015494
[1276] -0.02436769
[1277] -0.07873030
[1278] -0.27447557
[1279] -0.24233221
[1280] -0.14853163
[1281] -0.10558742
[1282] -0.22460416
[1283] +0.35961592

# === L2-NORMALIZED EMBEDDING (1284 values) ===
[   0] +0.02766198
[   1] +0.03457986
[   2] +0.02948102
[   3] -0.01416886
[   4] -0.01521544
[   5] -0.01413119
[   6] +0.01456243
[   7] +0.00144409
[   8] -0.01174057
[   9] -0.02371394
[  10] +0.02149988
[  11] +0.02794080
[  12] -0.03001415
[  13] +0.00681202
[  14] +0.04549604
[  15] +0.00486309
[  16] +0.04619391
[  17] +0.00106920
[  18] +0.02361708
[  19] -0.03274855
[  20] +0.04595826
[  21] +0.00364198
[  22] +0.00371290
[  23] -0.00067215
[  24] +0.04020644
[  25] +0.04009661
[  26] +0.00862901
[  27] -0.01284986
[  28] +0.00846287
[  29] +0.01724519
[  30] +0.02053141
[  31] +0.00784179
[  32] +0.02738797
[  33] -0.00760832
[  34] -0.01722088
[  35] +0.02482563
[  36] +0.00787873
[  37] -0.05366072
[  38] +0.02811198
[  39] +0.02728203
[  40] -0.01747018
[  41] +0.03816024
[  42] -0.01217502
[  43] -0.00312225
[  44] +0.01153428
[  45] +0.01028791
[  46] +0.03002124
[  47] +0.02959958
[  48] -0.06493320
[  49] -0.01161597
[  50] -0.02494975
[  51] +0.01513395
[  52] +0.01436822
[  53] -0.00000000
[  54] -0.00372681
[  55] +0.01018687
[  56] +0.00138912
[  57] -0.04031419
[  58] +0.00988872
[  59] +0.01662234
[  60] -0.00604211
[  61] -0.00544760
[  62] +0.03207202
[  63] -0.06610841
[  64] -0.00273325
[  65] +0.00141830
[  66] +0.07481971
[  67] +0.02407285
[  68] -0.02929685
[  69] +0.00895279
[  70] -0.02443125
[  71] +0.03310432
[  72] +0.03510927
[  73] -0.02500764
[  74] -0.03702006
[  75] -0.02943545
[  76] -0.00195675
[  77] +0.03099614
[  78] +0.01355703
[  79] +0.03164407
[  80] +0.00646724
[  81] -0.00437084
[  82] -0.01671417
[  83] -0.01497152
[  84] +0.02035009
[  85] +0.00392233
[  86] +0.03257103
[  87] +0.02919625
[  88] +0.00727312
[  89] +0.00521420
[  90] -0.02067707
[  91] -0.01518092
[  92] -0.00803470
[  93] +0.02681902
[  94] -0.05989068
[  95] -0.04611586
[  96] -0.02152862
[  97] +0.00020241
[  98] -0.02106086
[  99] -0.03040456
[ 100] +0.01870640
[ 101] -0.03907937
[ 102] +0.02496396
[ 103] -0.01701923
[ 104] +0.02036935
[ 105] -0.02341491
[ 106] -0.03105300
[ 107] -0.01007369
[ 108] -0.01150152
[ 109] +0.00755111
[ 110] -0.00441825
[ 111] -0.02683269
[ 112] +0.02011312
[ 113] -0.01790254
[ 114] +0.03620784
[ 115] -0.01029304
[ 116] -0.01785373
[ 117] -0.01087390
[ 118] +0.03622680
[ 119] -0.00114562
[ 120] -0.01750176
[ 121] +0.02873583
[ 122] -0.02487436
[ 123] -0.00828902
[ 124] -0.02065568
[ 125] +0.03224343
[ 126] +0.00339333
[ 127] -0.03929418
[ 128] -0.00132710
[ 129] +0.01273612
[ 130] +0.00663860
[ 131] -0.00965516
[ 132] -0.00061648
[ 133] -0.05011740
[ 134] +0.04558335
[ 135] -0.04151731
[ 136] -0.02925960
[ 137] +0.02784195
[ 138] -0.03181433
[ 139] +0.04793240
[ 140] +0.02259648
[ 141] +0.02815657
[ 142] +0.02997147
[ 143] +0.01584069
[ 144] +0.01550717
[ 145] -0.01874992
[ 146] -0.03339295
[ 147] -0.04375217
[ 148] -0.01274955
[ 149] -0.01686444
[ 150] -0.00823749
[ 151] +0.00814488
[ 152] +0.00207512
[ 153] +0.02085350
[ 154] +0.01828016
[ 155] +0.03022683
[ 156] -0.02976612
[ 157] -0.01101982
[ 158] -0.05885496
[ 159] +0.01623333
[ 160] +0.00098719
[ 161] -0.00841557
[ 162] -0.00490862
[ 163] -0.01247267
[ 164] +0.03991859
[ 165] -0.00101053
[ 166] +0.01998335
[ 167] +0.04808693
[ 168] +0.00773102
[ 169] -0.02745483
[ 170] +0.01533497
[ 171] -0.03762075
[ 172] -0.05238443
[ 173] -0.05365452
[ 174] -0.00711144
[ 175] +0.02255705
[ 176] +0.00255526
[ 177] +0.00948296
[ 178] -0.00807234
[ 179] -0.00243127
[ 180] -0.01125136
[ 181] +0.01284752
[ 182] +0.00415369
[ 183] -0.00668545
[ 184] +0.05381587
[ 185] -0.01264156
[ 186] -0.01676913
[ 187] -0.00451904
[ 188] -0.06014440
[ 189] +0.04270870
[ 190] -0.00040712
[ 191] -0.02661218
[ 192] -0.03512950
[ 193] -0.03411660
[ 194] +0.00827022
[ 195] +0.01274135
[ 196] -0.00816159
[ 197] -0.05376009
[ 198] +0.01398302
[ 199] +0.03289953
[ 200] -0.00576310
[ 201] +0.01452351
[ 202] -0.04828428
[ 203] -0.01279998
[ 204] -0.01364215
[ 205] +0.09677358
[ 206] -0.00205836
[ 207] +0.00561950
[ 208] -0.02246547
[ 209] -0.00690302
[ 210] -0.00294346
[ 211] -0.03750242
[ 212] +0.05417011
[ 213] +0.00154780
[ 214] +0.03869233
[ 215] -0.00842453
[ 216] +0.01529406
[ 217] -0.00272411
[ 218] -0.00000000
[ 219] +0.03435038
[ 220] -0.00080875
[ 221] +0.03977330
[ 222] +0.00593629
[ 223] +0.00466591
[ 224] +0.00249609
[ 225] +0.00426917
[ 226] -0.02318983
[ 227] -0.02791797
[ 228] +0.02398271
[ 229] +0.02504172
[ 230] +0.00999481
[ 231] +0.01647867
[ 232] -0.00538274
[ 233] +0.01835532
[ 234] -0.03857775
[ 235] +0.04753285
[ 236] +0.00470212
[ 237] -0.05195044
[ 238] +0.09068993
[ 239] -0.02722272
[ 240] -0.07647995
[ 241] +0.02615017
[ 242] -0.03435735
[ 243] -0.04637352
[ 244] +0.00732107
[ 245] +0.02182504
[ 246] -0.00360507
[ 247] -0.00279557
[ 248] +0.02589041
[ 249] -0.00190664
[ 250] +0.00210231
[ 251] +0.02388147
[ 252] -0.03498475
[ 253] +0.00331607
[ 254] +0.00066171
[ 255] -0.00968413
[ 256] -0.01146833
[ 257] +0.00188931
[ 258] -0.00261000
[ 259] -0.00900915
[ 260] +0.02143617
[ 261] -0.01400971
[ 262] -0.00877946
[ 263] -0.01789265
[ 264] -0.02554473
[ 265] +0.03162008
[ 266] -0.00803469
[ 267] -0.00200170
[ 268] +0.03820119
[ 269] -0.02549410
[ 270] +0.02496833
[ 271] +0.01377887
[ 272] -0.02876920
[ 273] -0.01299061
[ 274] +0.02629449
[ 275] +0.00865517
[ 276] +0.02181242
[ 277] +0.01710042
[ 278] -0.05451276
[ 279] -0.00833158
[ 280] -0.00111209
[ 281] -0.01802393
[ 282] -0.00943403
[ 283] -0.00636793
[ 284] +0.02560251
[ 285] +0.02053557
[ 286] +0.00082841
[ 287] -0.02825141
[ 288] -0.02085366
[ 289] +0.02437741
[ 290] +0.02840044
[ 291] +0.00765905
[ 292] +0.02645206
[ 293] +0.00751045
[ 294] -0.00950925
[ 295] +0.03052575
[ 296] -0.01029169
[ 297] +0.01053661
[ 298] +0.00642315
[ 299] +0.01190697
[ 300] +0.02191104
[ 301] -0.02599978
[ 302] +0.09728908
[ 303] -0.01222692
[ 304] -0.00495342
[ 305] -0.00520130
[ 306] -0.02180676
[ 307] -0.04112738
[ 308] +0.00718502
[ 309] -0.01921656
[ 310] -0.00555118
[ 311] -0.00435571
[ 312] -0.01662121
[ 313] +0.02506507
[ 314] -0.00288550
[ 315] -0.01191825
[ 316] +0.00169715
[ 317] +0.02278112
[ 318] +0.01398911
[ 319] -0.01423598
[ 320] -0.01196449
[ 321] +0.03096932
[ 322] -0.00740416
[ 323] -0.00521571
[ 324] +0.02229486
[ 325] +0.00131888
[ 326] -0.02893485
[ 327] -0.03661582
[ 328] +0.02313263
[ 329] -0.02693108
[ 330] +0.00082779
[ 331] +0.02679510
[ 332] +0.06210189
[ 333] -0.00401277
[ 334] +0.00399606
[ 335] -0.02541264
[ 336] +0.00651284
[ 337] +0.03334143
[ 338] +0.00613218
[ 339] -0.00341066
[ 340] +0.00366129
[ 341] -0.01967869
[ 342] -0.04964019
[ 343] -0.03942376
[ 344] -0.05228107
[ 345] -0.00265594
[ 346] -0.01653246
[ 347] -0.00339510
[ 348] +0.00127626
[ 349] -0.00053256
[ 350] -0.03443986
[ 351] -0.04042145
[ 352] +0.01461346
[ 353] +0.01161085
[ 354] -0.01407235
[ 355] +0.03159022
[ 356] -0.00705935
[ 357] +0.02732446
[ 358] +0.01224325
[ 359] -0.01883271
[ 360] +0.03907850
[ 361] +0.01209102
[ 362] +0.00442467
[ 363] +0.00338474
[ 364] -0.07080548
[ 365] +0.02485541
[ 366] -0.00479004
[ 367] +0.02204141
[ 368] -0.01025160
[ 369] -0.02332851
[ 370] -0.00951683
[ 371] +0.01107000
[ 372] +0.02868954
[ 373] -0.07375851
[ 374] -0.04407987
[ 375] -0.01006045
[ 376] -0.01169095
[ 377] -0.03715302
[ 378] +0.00062954
[ 379] -0.00387432
[ 380] +0.02420155
[ 381] +0.04953035
[ 382] +0.01172078
[ 383] -0.02597146
[ 384] +0.01357769
[ 385] +0.03543558
[ 386] +0.05593752
[ 387] -0.01406364
[ 388] +0.02167548
[ 389] +0.01655298
[ 390] -0.02859479
[ 391] -0.01729728
[ 392] -0.02271727
[ 393] -0.01991715
[ 394] +0.01158033
[ 395] -0.02904866
[ 396] +0.01908442
[ 397] -0.00881820
[ 398] -0.02555196
[ 399] -0.05322121
[ 400] -0.00642036
[ 401] +0.03290747
[ 402] -0.03355920
[ 403] -0.01516681
[ 404] -0.02008584
[ 405] -0.00837787
[ 406] -0.03052159
[ 407] +0.00078989
[ 408] +0.00096427
[ 409] +0.00761111
[ 410] +0.02899295
[ 411] -0.00089420
[ 412] -0.04227504
[ 413] -0.02294971
[ 414] -0.02312542
[ 415] +0.00679258
[ 416] -0.01587331
[ 417] +0.00618912
[ 418] -0.00220268
[ 419] -0.05609489
[ 420] +0.01262792
[ 421] +0.04014732
[ 422] -0.05444098
[ 423] +0.02967299
[ 424] +0.01803251
[ 425] +0.00323263
[ 426] -0.03602547
[ 427] +0.07915756
[ 428] -0.04032843
[ 429] +0.02393487
[ 430] -0.01817424
[ 431] -0.01599140
[ 432] -0.05339136
[ 433] +0.03853907
[ 434] -0.01924786
[ 435] +0.01338441
[ 436] +0.05603315
[ 437] +0.00510745
[ 438] +0.00556202
[ 439] -0.02011574
[ 440] +0.01278952
[ 441] +0.04781464
[ 442] -0.11032872
[ 443] -0.03654849
[ 444] +0.00307752
[ 445] +0.07741264
[ 446] -0.00602939
[ 447] +0.03065055
[ 448] +0.02493119
[ 449] +0.01471005
[ 450] +0.01247655
[ 451] -0.07026248
[ 452] +0.02165115
[ 453] +0.01400423
[ 454] -0.00273737
[ 455] -0.00685910
[ 456] -0.00543191
[ 457] +0.01825549
[ 458] +0.02018849
[ 459] +0.03652222
[ 460] +0.02043423
[ 461] -0.02710734
[ 462] +0.00484989
[ 463] -0.03955742
[ 464] -0.03929517
[ 465] -0.00400518
[ 466] -0.00286128
[ 467] +0.00293414
[ 468] +0.02311332
[ 469] +0.00265180
[ 470] +0.00023253
[ 471] +0.00868986
[ 472] +0.01024897
[ 473] +0.04342863
[ 474] +0.00213263
[ 475] -0.00225506
[ 476] +0.03947303
[ 477] +0.02225617
[ 478] -0.03848170
[ 479] +0.00221081
[ 480] -0.02857501
[ 481] -0.02106947
[ 482] -0.03230439
[ 483] +0.01935313
[ 484] +0.03184767
[ 485] +0.00573237
[ 486] +0.01149053
[ 487] +0.03683294
[ 488] -0.00413234
[ 489] +0.02559824
[ 490] +0.02564405
[ 491] -0.05016080
[ 492] -0.00406570
[ 493] +0.01084030
[ 494] +0.03306979
[ 495] -0.02958812
[ 496] -0.01080749
[ 497] +0.01011587
[ 498] -0.03678761
[ 499] -0.01466446
[ 500] -0.01085143
[ 501] +0.01549137
[ 502] +0.01428357
[ 503] +0.03339364
[ 504] -0.00938602
[ 505] -0.01381668
[ 506] -0.00807496
[ 507] +0.01410126
[ 508] -0.05233228
[ 509] -0.03490856
[ 510] -0.01870774
[ 511] +0.06395422
[ 512] +0.01836715
[ 513] -0.01686948
[ 514] -0.01355025
[ 515] +0.00579272
[ 516] +0.03283000
[ 517] -0.02415486
[ 518] -0.02220275
[ 519] -0.03901471
[ 520] -0.00482707
[ 521] +0.03126623
[ 522] +0.02045691
[ 523] -0.01104946
[ 524] -0.01979151
[ 525] +0.04010237
[ 526] -0.00372288
[ 527] +0.01062746
[ 528] +0.02507151
[ 529] +0.03271478
[ 530] +0.01812955
[ 531] +0.04551664
[ 532] +0.00682242
[ 533] +0.00377743
[ 534] -0.01184770
[ 535] +0.02894518
[ 536] +0.00245193
[ 537] +0.05421894
[ 538] -0.05123420
[ 539] -0.00624760
[ 540] -0.00694690
[ 541] -0.01946256
[ 542] +0.01236178
[ 543] +0.01667617
[ 544] +0.00047650
[ 545] +0.00324558
[ 546] -0.00050922
[ 547] +0.03450496
[ 548] -0.02044397
[ 549] +0.02278209
[ 550] +0.02281628
[ 551] -0.03230375
[ 552] +0.01599003
[ 553] +0.00209857
[ 554] +0.01099837
[ 555] +0.00132576
[ 556] -0.03772713
[ 557] +0.01018561
[ 558] -0.05678121
[ 559] -0.00642096
[ 560] +0.01135763
[ 561] +0.01275101
[ 562] -0.00240240
[ 563] -0.01355708
[ 564] -0.01776639
[ 565] +0.02297512
[ 566] -0.00673099
[ 567] +0.00608199
[ 568] -0.01831878
[ 569] +0.03445482
[ 570] -0.00440724
[ 571] +0.02600872
[ 572] -0.04461388
[ 573] +0.00114896
[ 574] -0.05712394
[ 575] +0.04486766
[ 576] -0.02029252
[ 577] +0.01719577
[ 578] -0.01594634
[ 579] -0.00100261
[ 580] -0.05707927
[ 581] +0.00345486
[ 582] +0.02509579
[ 583] +0.11601889
[ 584] +0.04886628
[ 585] +0.02138042
[ 586] +0.02950871
[ 587] -0.00553919
[ 588] +0.03926779
[ 589] +0.00698793
[ 590] -0.03287985
[ 591] +0.04441600
[ 592] -0.01888660
[ 593] -0.02477177
[ 594] -0.00330346
[ 595] +0.00964289
[ 596] +0.03141225
[ 597] -0.01780077
[ 598] -0.08312704
[ 599] -0.00015568
[ 600] +0.00142728
[ 601] +0.02975379
[ 602] -0.02019796
[ 603] +0.00982963
[ 604] +0.00035953
[ 605] -0.01404349
[ 606] -0.02983064
[ 607] +0.00158507
[ 608] -0.04589842
[ 609] +0.07050887
[ 610] -0.00811108
[ 611] +0.04259687
[ 612] +0.03092348
[ 613] -0.00546811
[ 614] -0.01334720
[ 615] +0.01181659
[ 616] -0.00758693
[ 617] +0.01164314
[ 618] +0.01424720
[ 619] +0.03177670
[ 620] +0.00439650
[ 621] +0.00110023
[ 622] +0.03282108
[ 623] -0.01514573
[ 624] +0.00367930
[ 625] +0.03589643
[ 626] +0.00149926
[ 627] -0.02407667
[ 628] +0.02019735
[ 629] +0.00525469
[ 630] +0.02112972
[ 631] +0.00628646
[ 632] +0.00466167
[ 633] +0.03292055
[ 634] +0.00570937
[ 635] +0.01188417
[ 636] -0.00394985
[ 637] +0.01785430
[ 638] -0.01325903
[ 639] +0.05218561
[ 640] -0.04323097
[ 641] +0.04739072
[ 642] -0.04965087
[ 643] -0.03248652
[ 644] +0.04529121
[ 645] -0.01556587
[ 646] -0.04802285
[ 647] -0.00547755
[ 648] +0.01579403
[ 649] +0.01862312
[ 650] +0.05094232
[ 651] -0.00520429
[ 652] +0.00765382
[ 653] -0.03782605
[ 654] -0.00570816
[ 655] +0.00183200
[ 656] -0.04473725
[ 657] +0.06383210
[ 658] +0.02461517
[ 659] +0.05398640
[ 660] +0.01416415
[ 661] +0.00733138
[ 662] +0.02530166
[ 663] -0.01451393
[ 664] -0.00053108
[ 665] +0.02158457
[ 666] +0.00933260
[ 667] +0.01424230
[ 668] -0.00711536
[ 669] -0.05929507
[ 670] -0.03093140
[ 671] -0.00625678
[ 672] +0.00475126
[ 673] +0.01152753
[ 674] +0.01843901
[ 675] +0.03554678
[ 676] +0.03872861
[ 677] -0.00694216
[ 678] +0.00904362
[ 679] +0.00137828
[ 680] -0.01332642
[ 681] -0.02339063
[ 682] +0.01068259
[ 683] +0.01857808
[ 684] +0.01786617
[ 685] -0.00090027
[ 686] -0.00337531
[ 687] +0.00290857
[ 688] +0.02311112
[ 689] +0.01934354
[ 690] -0.01725851
[ 691] -0.02273573
[ 692] +0.00231689
[ 693] -0.01458055
[ 694] -0.01555281
[ 695] +0.01851920
[ 696] -0.01695205
[ 697] +0.01461579
[ 698] +0.14236544
[ 699] +0.00290054
[ 700] -0.02385373
[ 701] +0.00842255
[ 702] -0.03035823
[ 703] +0.02508775
[ 704] -0.04391577
[ 705] +0.03849350
[ 706] +0.00056675
[ 707] +0.02505636
[ 708] +0.04523687
[ 709] -0.02375589
[ 710] -0.04692627
[ 711] -0.05958859
[ 712] -0.05193245
[ 713] +0.03253304
[ 714] -0.04594353
[ 715] +0.03561450
[ 716] +0.01074407
[ 717] -0.03203221
[ 718] +0.05149042
[ 719] -0.02257191
[ 720] +0.06937347
[ 721] +0.01040601
[ 722] -0.02167476
[ 723] +0.00882373
[ 724] +0.00931207
[ 725] -0.00537330
[ 726] +0.00086665
[ 727] -0.02465714
[ 728] -0.02454965
[ 729] -0.00043733
[ 730] +0.02191082
[ 731] -0.01394857
[ 732] -0.01444242
[ 733] -0.01741149
[ 734] -0.00548627
[ 735] -0.01314403
[ 736] -0.02437308
[ 737] +0.00801930
[ 738] +0.00877957
[ 739] +0.00102919
[ 740] +0.00407878
[ 741] +0.02547053
[ 742] -0.05081518
[ 743] -0.03438969
[ 744] +0.00263771
[ 745] -0.02357774
[ 746] -0.01035061
[ 747] +0.01104640
[ 748] -0.01557265
[ 749] +0.02764413
[ 750] -0.01621813
[ 751] -0.01876887
[ 752] +0.02424928
[ 753] -0.02848085
[ 754] -0.05171163
[ 755] +0.02821454
[ 756] -0.01128450
[ 757] +0.03012566
[ 758] -0.03047959
[ 759] +0.02049660
[ 760] +0.03588546
[ 761] +0.02459677
[ 762] +0.02643158
[ 763] -0.00226292
[ 764] +0.00634404
[ 765] +0.02597269
[ 766] -0.01036418
[ 767] -0.01486599
[ 768] -0.01148818
[ 769] -0.02998045
[ 770] +0.02107518
[ 771] -0.01983468
[ 772] +0.00902259
[ 773] +0.02369167
[ 774] -0.03521836
[ 775] -0.02545132
[ 776] +0.05223876
[ 777] -0.00412506
[ 778] +0.02513185
[ 779] -0.01863447
[ 780] -0.03438245
[ 781] +0.01280220
[ 782] +0.01049730
[ 783] -0.00360163
[ 784] -0.02884830
[ 785] -0.01914828
[ 786] +0.02303015
[ 787] +0.02052895
[ 788] -0.03435005
[ 789] -0.01700745
[ 790] -0.00596299
[ 791] -0.03461330
[ 792] +0.01102960
[ 793] -0.01321502
[ 794] +0.01678251
[ 795] -0.01689548
[ 796] +0.03993900
[ 797] -0.00860047
[ 798] +0.01619169
[ 799] +0.01867669
[ 800] -0.02517119
[ 801] -0.04543105
[ 802] -0.01231788
[ 803] -0.01113577
[ 804] +0.00070337
[ 805] +0.01538312
[ 806] +0.00712037
[ 807] +0.00020442
[ 808] +0.02086056
[ 809] +0.00435896
[ 810] -0.01602804
[ 811] -0.03268647
[ 812] -0.02936399
[ 813] -0.01157499
[ 814] -0.04238331
[ 815] -0.05771172
[ 816] +0.01192318
[ 817] -0.00510394
[ 818] +0.03055213
[ 819] +0.02858158
[ 820] +0.00265811
[ 821] -0.00347871
[ 822] +0.02559707
[ 823] +0.01333105
[ 824] +0.01092971
[ 825] -0.02069484
[ 826] -0.00009904
[ 827] -0.00823872
[ 828] -0.01113816
[ 829] +0.03371869
[ 830] -0.04476030
[ 831] +0.00699175
[ 832] -0.04384656
[ 833] -0.03493343
[ 834] -0.02571460
[ 835] -0.03509898
[ 836] -0.01391117
[ 837] -0.03639825
[ 838] -0.04507203
[ 839] +0.01657819
[ 840] -0.00031964
[ 841] +0.05218055
[ 842] +0.02988393
[ 843] +0.02345657
[ 844] -0.04069981
[ 845] -0.02645384
[ 846] +0.00451134
[ 847] -0.04901597
[ 848] +0.03271611
[ 849] +0.02310460
[ 850] +0.00246326
[ 851] +0.00305030
[ 852] -0.00885023
[ 853] +0.00730343
[ 854] -0.03206391
[ 855] -0.04032913
[ 856] +0.01365645
[ 857] -0.01792075
[ 858] +0.00438623
[ 859] +0.01665684
[ 860] +0.00615383
[ 861] +0.00105900
[ 862] -0.02349193
[ 863] -0.01062248
[ 864] +0.03855841
[ 865] +0.05260136
[ 866] +0.01674301
[ 867] -0.02898713
[ 868] +0.03792251
[ 869] +0.01039744
[ 870] -0.01655926
[ 871] +0.04224548
[ 872] -0.00843227
[ 873] +0.03517345
[ 874] +0.00163015
[ 875] +0.00763977
[ 876] -0.04903021
[ 877] +0.02076301
[ 878] -0.02307463
[ 879] +0.06013446
[ 880] +0.00733331
[ 881] -0.02444525
[ 882] +0.03039294
[ 883] -0.02756968
[ 884] -0.02198894
[ 885] +0.02641414
[ 886] -0.03233692
[ 887] +0.00116040
[ 888] +0.00114996
[ 889] +0.00970044
[ 890] -0.00110232
[ 891] +0.00141154
[ 892] +0.02426781
[ 893] +0.03421512
[ 894] +0.00364576
[ 895] -0.01844816
[ 896] -0.00000000
[ 897] -0.01002757
[ 898] -0.00331632
[ 899] -0.02050539
[ 900] -0.01972691
[ 901] +0.03366270
[ 902] +0.00355025
[ 903] -0.00465599
[ 904] -0.05155452
[ 905] -0.00545612
[ 906] -0.00117888
[ 907] -0.02613577
[ 908] +0.00945011
[ 909] -0.01174678
[ 910] -0.03049442
[ 911] -0.04173426
[ 912] +0.03269198
[ 913] +0.00276511
[ 914] -0.03183493
[ 915] +0.03505191
[ 916] -0.04444292
[ 917] -0.08120146
[ 918] -0.04091521
[ 919] +0.00428007
[ 920] +0.02992855
[ 921] -0.00323674
[ 922] +0.00685690
[ 923] +0.01620178
[ 924] +0.00572723
[ 925] -0.01745335
[ 926] -0.00084851
[ 927] +0.01632576
[ 928] +0.00222491
[ 929] -0.03962393
[ 930] -0.01069385
[ 931] -0.03262409
[ 932] +0.01455701
[ 933] -0.00996446
[ 934] -0.00587316
[ 935] -0.00843977
[ 936] +0.03618506
[ 937] +0.01999605
[ 938] -0.01204932
[ 939] -0.06084654
[ 940] +0.01635504
[ 941] +0.04765010
[ 942] +0.00652363
[ 943] +0.05471475
[ 944] +0.04000264
[ 945] -0.06201128
[ 946] +0.01421957
[ 947] +0.05664770
[ 948] -0.03828605
[ 949] +0.03028653
[ 950] +0.03458788
[ 951] +0.04168026
[ 952] -0.01693103
[ 953] -0.00729366
[ 954] -0.00503871
[ 955] -0.00973814
[ 956] +0.00877720
[ 957] -0.03653897
[ 958] -0.01776121
[ 959] -0.01059001
[ 960] +0.04174272
[ 961] -0.01070408
[ 962] -0.00438692
[ 963] -0.03207956
[ 964] +0.00537285
[ 965] -0.05597711
[ 966] +0.04163187
[ 967] -0.00577410
[ 968] -0.02245795
[ 969] +0.03200676
[ 970] +0.00306603
[ 971] +0.00823851
[ 972] -0.00017486
[ 973] +0.04062098
[ 974] -0.03253644
[ 975] -0.05465280
[ 976] +0.01270501
[ 977] -0.02867512
[ 978] -0.03078923
[ 979] +0.01185791
[ 980] -0.02156634
[ 981] +0.01023439
[ 982] -0.01244930
[ 983] -0.07213985
[ 984] +0.02793370
[ 985] +0.04670560
[ 986] +0.02309244
[ 987] +0.04383529
[ 988] -0.01926650
[ 989] +0.01803815
[ 990] -0.00588314
[ 991] +0.01869086
[ 992] +0.00971297
[ 993] +0.01781538
[ 994] -0.00625768
[ 995] +0.05776015
[ 996] -0.03801126
[ 997] +0.02729570
[ 998] -0.03618183
[ 999] -0.00834410
[1000] -0.03557815
[1001] +0.02285682
[1002] +0.00539598
[1003] +0.04329507
[1004] -0.00394233
[1005] +0.02380313
[1006] +0.00894213
[1007] -0.00380722
[1008] -0.01667804
[1009] -0.00049518
[1010] +0.04301487
[1011] -0.01919327
[1012] +0.02320117
[1013] -0.01881872
[1014] -0.02826547
[1015] +0.00855824
[1016] -0.04771235
[1017] -0.01666031
[1018] +0.00653743
[1019] -0.00174379
[1020] +0.02673731
[1021] -0.02290868
[1022] -0.00730971
[1023] +0.00550173
[1024] -0.01630107
[1025] -0.00051955
[1026] -0.01905975
[1027] +0.00602640
[1028] -0.02760409
[1029] -0.01162611
[1030] -0.00590707
[1031] +0.01684297
[1032] +0.03600651
[1033] +0.01193638
[1034] -0.01963695
[1035] -0.05324206
[1036] +0.02956027
[1037] +0.04347828
[1038] -0.06184820
[1039] -0.00900352
[1040] +0.03694372
[1041] +0.02512918
[1042] -0.02132863
[1043] -0.01344211
[1044] +0.04194355
[1045] +0.00000000
[1046] -0.00860166
[1047] -0.00636218
[1048] +0.02356509
[1049] -0.04835614
[1050] -0.02601918
[1051] +0.01451616
[1052] -0.01611865
[1053] -0.04252518
[1054] +0.00691144
[1055] +0.01930011
[1056] +0.00027753
[1057] +0.01258283
[1058] +0.06867551
[1059] -0.01004613
[1060] -0.01646438
[1061] -0.01145222
[1062] -0.02888055
[1063] -0.04569743
[1064] +0.00089141
[1065] +0.02466448
[1066] -0.02594098
[1067] +0.03366337
[1068] -0.00024742
[1069] +0.03604680
[1070] -0.02451800
[1071] +0.01336627
[1072] -0.01922352
[1073] -0.01799807
[1074] -0.07074956
[1075] +0.03695825
[1076] +0.00996039
[1077] +0.03405046
[1078] -0.02501027
[1079] -0.01119299
[1080] +0.04574987
[1081] +0.00247872
[1082] -0.04471854
[1083] +0.02854282
[1084] -0.01124043
[1085] -0.01631188
[1086] -0.00599544
[1087] -0.00183771
[1088] -0.02793713
[1089] -0.03347960
[1090] -0.01314234
[1091] +0.00961218
[1092] -0.03155358
[1093] -0.03106065
[1094] +0.00225848
[1095] -0.00581723
[1096] +0.00715967
[1097] -0.02783026
[1098] +0.02880252
[1099] +0.01379192
[1100] -0.01152064
[1101] -0.04791014
[1102] -0.01152687
[1103] +0.06727958
[1104] +0.03592096
[1105] -0.02894904
[1106] -0.02651275
[1107] +0.03924949
[1108] -0.00027957
[1109] +0.00574900
[1110] +0.03665229
[1111] -0.00977698
[1112] +0.01590779
[1113] -0.03371141
[1114] +0.05492813
[1115] +0.01721895
[1116] -0.02251441
[1117] -0.00961896
[1118] -0.08227876
[1119] -0.02274132
[1120] +0.01919517
[1121] +0.01521163
[1122] -0.00233353
[1123] -0.09880842
[1124] +0.02943008
[1125] -0.04767389
[1126] +0.03696934
[1127] -0.01631728
[1128] +0.00484195
[1129] +0.04232726
[1130] +0.00786964
[1131] -0.02739137
[1132] +0.00133486
[1133] -0.01194049
[1134] +0.04045110
[1135] -0.01534197
[1136] -0.00635799
[1137] -0.02338417
[1138] +0.05260563
[1139] -0.04005764
[1140] +0.00211143
[1141] +0.03170756
[1142] -0.04435527
[1143] -0.05873970
[1144] -0.00876575
[1145] +0.00524430
[1146] -0.02032235
[1147] -0.01287124
[1148] +0.00786334
[1149] +0.03838194
[1150] -0.07707817
[1151] +0.00535663
[1152] -0.03714446
[1153] +0.00804022
[1154] +0.01209066
[1155] -0.01901938
[1156] +0.02802965
[1157] +0.01467206
[1158] +0.03346485
[1159] +0.00086514
[1160] +0.00064842
[1161] +0.03065967
[1162] -0.04009903
[1163] +0.01024918
[1164] -0.00517813
[1165] +0.02379900
[1166] +0.01469073
[1167] -0.01499738
[1168] -0.01385082
[1169] +0.01487508
[1170] -0.02277278
[1171] -0.02197524
[1172] +0.02029660
[1173] -0.07169878
[1174] -0.00898170
[1175] +0.02289565
[1176] +0.02294883
[1177] -0.00182571
[1178] +0.00755795
[1179] -0.02036468
[1180] -0.08764142
[1181] +0.02436491
[1182] -0.00566925
[1183] -0.01022402
[1184] +0.00889160
[1185] -0.00848282
[1186] +0.01706174
[1187] +0.02219447
[1188] +0.00904311
[1189] -0.04872967
[1190] -0.01907715
[1191] -0.03483677
[1192] -0.02282307
[1193] +0.00835992
[1194] +0.03921763
[1195] +0.00720525
[1196] +0.00051276
[1197] +0.01541664
[1198] -0.00757248
[1199] +0.00513444
[1200] -0.02978563
[1201] -0.00228287
[1202] +0.02542640
[1203] -0.02526329
[1204] -0.03681966
[1205] +0.00285428
[1206] -0.03532522
[1207] +0.02315751
[1208] -0.02115626
[1209] +0.03705402
[1210] -0.01955490
[1211] -0.03914372
[1212] -0.00036749
[1213] -0.00017589
[1214] -0.00090925
[1215] -0.01507475
[1216] -0.01330664
[1217] +0.00053570
[1218] +0.02572901
[1219] -0.01297615
[1220] -0.00994236
[1221] +0.08797074
[1222] +0.03622852
[1223] -0.01379127
[1224] +0.00744868
[1225] -0.01417748
[1226] +0.03257581
[1227] +0.00593617
[1228] +0.05254871
[1229] +0.06319662
[1230] +0.00472167
[1231] +0.02689790
[1232] +0.00771498
[1233] -0.06984720
[1234] -0.01098592
[1235] +0.02236868
[1236] -0.00986719
[1237] +0.03475510
[1238] +0.01592861
[1239] -0.02457426
[1240] +0.01953831
[1241] +0.02344083
[1242] -0.01401366
[1243] +0.00759745
[1244] -0.04028483
[1245] -0.02631413
[1246] +0.02295870
[1247] +0.01139819
[1248] +0.03158657
[1249] +0.00784433
[1250] +0.02255400
[1251] +0.01240955
[1252] +0.01795292
[1253] -0.05165654
[1254] +0.00323137
[1255] -0.04939461
[1256] -0.02203852
[1257] +0.03817467
[1258] +0.02198412
[1259] +0.01658997
[1260] +0.01434504
[1261] -0.00265701
[1262] +0.02247838
[1263] -0.01273739
[1264] -0.03245275
[1265] -0.00045462
[1266] +0.01978627
[1267] +0.01700406
[1268] +0.00363277
[1269] +0.00689530
[1270] -0.02178994
[1271] +0.03181581
[1272] -0.02140083
[1273] +0.04281425
[1274] +0.00363866
[1275] -0.00185700
[1276] -0.00224515
[1277] -0.00725393
[1278] -0.02528919
[1279] -0.02232761
[1280] -0.01368517
[1281] -0.00972844
[1282] -0.02069421
[1283] +0.03313371
